15 17 21 06 08 01 10 22 02 11 05 16 12 09 26 25 29 27 28 24 age	
0 0 4 0 7 0 0 1 1 0 3 0 4 1 1 2 2 9 2 5 7
0 0 3 0 1 0 0 0 0 1 2 0 5 1 0 0 0 2 1 1 7
0 0 0 0 2 0 1 1 1 1 1 1 1 1 3 0 1 3 2 1 7
0 0 0 0 0 0 0 1 0 0 0 0 3 0 1 0 0 1 1 1 5
0 0 0 1 0 1 0 2 3 2 1 0 1 1 2 2 2 6 4 0 6
0 0 0 0 0 0 0 0 0 0 0 0 0 0 1 0 1 0 0 0 6
0 0 0 0 0 0 0 0 0 0 2 0 0 0 0 0 0 1 0 0 4
0 0 0 0 0 0 0 0 2 1 2 0 1 0 2 0 0 1 2 3 6
0 0 0 0 0 0 0 0 0 0 1 2 1 4 1 0 0 1 0 0 3
0 0 0 0 1 0 0 0 0 0 0 0 1 0 1 0 0 1 0 1 5
0 0 0 0 0 0 0 0 0 0 0 0 0 0 0 1 1 2 1 1 2
0 0 0 0 0 0 0 0 0 0 0 0 0 0 0 0 0 0 1 0 5
0 0 0 0 0 0 0 0 0 0 5 0 0 0 0 1 1 1 0 0 2
0 0 0 0 0 0 0 0 0 0 0 0 0 0 0 1 0 0 1 0 2
0 0 0 0 0 0 0 0 0 0 0 0 0 0 0 1 1 0 1 0 2
0 0 0 0 0 0 0 0 0 0 0 0 0 0 0 0 0 0 1 0 1
0 0 0 0 0 0 0 0 0 0 0 0 0 0 0 0 0 0 1 0 1
0 0 0 0 0 0 0 0 0 0 0 0 0 0 0 0 0 0 0 1 1
0 0 0 0 0 0 0 0 0 0 0 0 0 0 0 0 0 0 0 3 1
0 0 0 0 0 0 0 0 0 0 0 0 0 0 0 0 0 0 0 0 1